256
0 [01010]
1 [01100]
2 [01110]
3 [10000]
4 [10010]
5 [10100]
6 [10110]
7 [11000]
8 [11010]
9 [11100]
10 [11110]
11 [000000]
12 [000010]
13 [000100]
14 [000110]
15 [001000]
16 [001010]
17 [001100]
18 [001110]
19 [010000]
20 [010010]
21 [010110]
22 [011010]
23 [011110]
24 [100010]
25 [100110]
26 [101010]
27 [101110]
28 [110010]
29 [110110]
30 [111010]
31 [111110]
32 [0000010]
33 [0000110]
34 [0001010]
35 [0001110]
36 [0010010]
37 [0010110]
38 [0011010]
39 [0011110]
40 [0100010]
41 [0100110]
42 [0101110]
43 [0110110]
44 [0111110]
45 [1000110]
46 [1001110]
47 [1010110]
48 [1011110]
49 [1100110]
50 [1101110]
51 [1110110]
52 [1111110]
53 [00000110]
54 [00001110]
55 [00010110]
56 [00011110]
57 [00100110]
58 [00101110]
59 [00110110]
60 [00111110]
61 [01000110]
62 [01001110]
63 [01011110]
64 [01101110]
65 [01111110]
66 [10001110]
67 [10011110]
68 [10101110]
69 [10111110]
70 [11001110]
71 [11011110]
72 [11101110]
73 [11111110]
74 [000001110]
75 [000011110]
76 [000101110]
77 [000111110]
78 [001001110]
79 [001011110]
80 [001101110]
81 [001111110]
82 [010001110]
83 [010011110]
84 [010111110]
85 [011011110]
86 [011111110]
87 [100011110]
88 [100111110]
89 [101011110]
90 [101111110]
91 [110011110]
92 [110111110]
93 [111011110]
94 [111111110]
95 [0000011110]
96 [0000111110]
97 [0001011110]
98 [0001111110]
99 [0010011110]
100 [0010111110]
101 [0011011110]
102 [0011111110]
103 [0100011110]
104 [0100111110]
105 [0101111110]
106 [0110111110]
107 [0111111110]
108 [1000111110]
109 [1001111110]
110 [1010111110]
111 [1011111110]
112 [1100111110]
113 [1101111110]
114 [1110111110]
115 [1111111110]
116 [00000111110]
117 [00001111110]
118 [00010111110]
119 [00011111110]
120 [00100111110]
121 [00101111110]
122 [00110111110]
123 [00111111110]
124 [01000111110]
125 [01001111110]
126 [01011111110]
127 [01101111110]
128 [01101111111]
129 [01111111111]
130 [10001111111]
131 [10011111111]
132 [10101111111]
133 [10111111111]
134 [11001111111]
135 [11011111111]
136 [11101111111]
137 [11111111111]
138 [000001111111]
139 [000011111111]
140 [000101111111]
141 [000111111111]
142 [001001111111]
143 [001011111111]
144 [001101111111]
145 [001111111111]
146 [010001111111]
147 [010011111111]
148 [010111111111]
149 [011111111101]
150 [100011111101]
151 [100111111101]
152 [101011111101]
153 [101111111101]
154 [110011111101]
155 [110111111101]
156 [111011111101]
157 [111111111100]
158 [0000011111100]
159 [0000111111100]
160 [0001011111100]
161 [0001111111100]
162 [0010011111100]
163 [0010111111100]
164 [0011011111100]
165 [0011111111100]
166 [0100011111100]
167 [0100111111100]
168 [0101111111100]
169 [0111111111000]
170 [1000111111000]
171 [1001111111000]
172 [1010111111000]
173 [1010111111001]
174 [1011111111001]
175 [1100111111001]
176 [1101111111001]
177 [1110111111001]
178 [1111111111011]
179 [00000111111011]
180 [00001111111011]
181 [00010111111010]
182 [00011111111010]
183 [00100111111010]
184 [00101111111010]
185 [00110111111010]
186 [00111111111010]
187 [01000111111010]
188 [01001111111010]
189 [01001111111011]
190 [01011111111011]
191 [01111111110011]
192 [10001111110011]
193 [10011111110011]
194 [10111111110001]
195 [11001111110000]
196 [11011111110000]
197 [11101111110000]
198 [11111111110100]
199 [11111111110101]
200 [000001111110101]
201 [000011111110101]
202 [000101111110111]
203 [000111111110110]
204 [001001111110110]
205 [001011111110110]
206 [001101111110110]
207 [001101111110111]
208 [001111111110111]
209 [010001111110111]
210 [010111111110101]
211 [011111111100100]
212 [100011111100100]
213 [100111111100100]
214 [101111111100000]
215 [101111111100001]
216 [110011111100011]
217 [110111111100010]
218 [111011111100010]
219 [111011111100011]
220 [0000011111101001]
221 [0000111111101000]
222 [0001011111101100]
223 [0001011111101101]
224 [0001111111101111]
225 [0010011111101110]
226 [0010111111101110]
227 [0010111111101111]
228 [0011111111101101]
229 [0100011111101100]
230 [0101111111101000]
231 [0101111111101001]
232 [0111111111001011]
233 [1000111111001010]
234 [1001111111001010]
235 [1001111111001011]
236 [1100111111000100]
237 [1100111111000101]
238 [1101111111000110]
239 [1101111111000111]
240 [00000111111010000]
241 [00000111111010001]
242 [00001111111010010]
243 [00001111111010011]
244 [00011111111011100]
245 [00011111111011101]
246 [00100111111011110]
247 [00100111111011111]
248 [00111111111011000]
249 [00111111111011001]
250 [01000111111011010]
251 [01000111111011011]
252 [01111111110010100]
253 [01111111110010101]
254 [10001111110010110]
255 [10001111110010111]
